       0
 0.01439
 0.02878
 0.04317
 0.05755
 0.07194
 0.08633
  0.1007
  0.1151
  0.1295
  0.1439
  0.1583
  0.1727
  0.1871
  0.2014
  0.2158
  0.2302
  0.2446
   0.259
  0.2734
  0.2878
  0.3022
  0.3165
  0.3309
  0.3453
  0.3597
  0.3741
  0.3885
  0.4029
  0.4173
  0.4317
   0.446
  0.4604
  0.4748
  0.4892
  0.5036
   0.518
  0.5324
  0.5468
  0.5612
  0.5755
  0.5899
  0.6043
  0.6187
  0.6331
  0.6475
  0.6619
  0.6763
  0.6906
   0.705
  0.7194
  0.7338
  0.7482
  0.7626
   0.777
  0.7914
  0.8058
  0.8201
  0.8345
  0.8489
  0.8633
  0.8777
  0.8921
  0.9065
  0.9209
  0.9353
  0.9496
   0.964
  0.9784
  0.9928
   1.007
   1.022
   1.036
    1.05
   1.065
   1.079
   1.094
   1.108
   1.122
   1.137
   1.151
   1.165
    1.18
   1.194
   1.209
   1.223
   1.237
   1.252
   1.266
   1.281
   1.295
   1.309
   1.324
   1.338
   1.353
   1.367
   1.381
   1.396
    1.41
   1.424
   1.439
   1.453
   1.468
   1.482
   1.496
   1.511
   1.525
    1.54
   1.554
   1.568
   1.583
   1.597
   1.612
   1.626
    1.64
   1.655
   1.669
   1.683
   1.698
   1.712
   1.727
   1.741
   1.755
    1.77
   1.784
   1.799
   1.813
   1.827
   1.842
   1.856
   1.871
   1.885
   1.899
   1.914
   1.928
   1.942
   1.957
   1.971
   1.986
       2