 -0.2567
 -0.4105
 -0.1549
 -0.5448
  -1.179
   0.484
  0.3742
   1.047
   2.611
   1.353
   1.548
   1.461
   1.536
   1.332
 -0.2532
  0.8036
 0.04708
   1.415
  0.6025
  0.1759
  0.1051
   0.298
   1.299
  0.5432
   0.847
   1.931
 0.07858
  0.7224
   1.736
   1.512
  -2.057
   -1.39
  0.7866
-0.01453
  -0.594
  0.5791
   1.166
  0.6885
  0.3679
 -0.4044
  -0.122
 -0.4209
 0.03182
   1.051
  0.2122
  0.4651
  0.6172
 -0.1496
 0.06458
 -0.1067
 0.07913
 -0.8285
  -1.098
   2.336
 -0.8434
  -1.835
 0.007315
  -1.131
   -1.95
  -1.855
 -0.9629
 -0.9723
 -0.8102
 -0.6521
 -0.9401
  -1.851
  -2.767
  0.0169
 -0.4344
  -2.459
  -1.279
  0.1427
  -1.768
  -3.389
  -2.827
   -2.76
  -2.014
  -1.477
   -2.09
  -1.836
  -1.012
  -1.295
  -1.098
  -2.529
  -2.447
  -2.406
   -1.71
  -2.505
  -3.874
 0.03527
 -0.3482
 -0.8779
   -1.87
  -1.708
  -1.568
 -0.3881
 -0.9174
  0.7864
    -1.6
  0.1658
   0.348
   1.717
 -0.3929
  0.8704
   1.949
  -1.044
   2.037
-0.003786
    1.57
  0.3268
  0.3211
   2.052
 0.04244
   1.896
   2.579
   3.744
    1.41
   2.382
    3.37
   3.283
   3.475
   3.959
   4.421
     4.7
   4.843
    4.42
   3.697
   4.944
   4.528
   4.016
   6.946
   3.959
   3.667
   5.739
   4.164
   5.228
   6.533
    5.28
   5.047
   5.162