     -60.056951
      57.393292
      122.07641
      74.523036
      -41.54647
     -119.41834
     -87.497542
      24.868096
      114.37012
      98.720785
     -7.6919861
     -107.03278
     -107.96813
     -9.6380789
      97.553178
      115.05449
      26.775238
     -86.121047
     -119.83804
      -43.37649
      72.965204
      122.22303
      59.109561
     -58.348961
     -122.16172
     -73.659554
      42.564863
      119.65534
      86.735251
      -25.92883
     -114.75406
     -98.074941
      8.7738305
      107.55598
      107.45166
      8.5567771
     -98.205167
     -114.67773
     -25.716121
      86.888775
      119.60853
      42.360756
     -73.833304
     -122.14536
     -58.157541
      59.300058
      122.23746
      72.790301
     -43.579921
     -119.88297
     -85.966164
      26.987532
      115.12902
      97.421413
     -9.8549874
     -108.07076
     -106.92677
      -7.474805
      98.849463
      114.29199
      24.654989
     -87.649696
     -119.36965
     -41.341704
      74.695619
      122.05813
      57.200963
     -60.246509
     -122.30362
     -71.915346
      44.591565
       120.1012
      85.190342
      -28.04412
     -115.49495
     -96.760253
      10.935372
      108.57707
      106.39351
      6.3922472
     -99.486014
     -113.89729
     -23.591926
      88.403749
      119.12143
      40.319412
     -75.552083
     -121.96134
     -56.239905
       61.18824
       122.3602
      71.034756
     -45.599715
     -120.31002
     -84.407845
      29.098511
      115.85183
      96.091511
       -12.0149
     -109.07487
