-1.505e+004
 -0.2533
 -0.2533
 -0.2533
 -0.2533
 -0.2533
 -0.2533
 -0.2533
 -0.2533
 -0.2533
 -0.2533
 -0.2533
 -0.2533
 -0.2533
 -0.2533
 -0.2533
 -0.2533
 -0.2533
 -0.2533
 -0.2533
 -0.2533
 -0.2533
 -0.2533
 -0.2533
 -0.2533
 -0.2533
 -0.2533
 -0.2533
 -0.2533
 -0.2533
 -0.2533
 -0.2533
 -0.2533
 -0.2533
 -0.2533
 -0.2533
 -0.2533
 -0.2533
 -0.2533
 -0.2533
 -0.2533
 -0.2533
 -0.2533
 -0.2533
 -0.2533
 -0.2533
 -0.2533
 -0.2533
 -0.2533
 -0.2533
 -0.2533
 -0.2533
 -0.2533
 -0.2533
 -0.2533
 -0.2533
 -0.2533
 -0.2533
 -0.2533
 -0.2533
 -0.2533
 -0.2533
 -0.2533
 -0.2533
 -0.2533
 -0.2533
 -0.2533
 -0.2533
 -0.2533
 -0.2533
 -0.2533
 -0.2533
 -0.2533
 -0.2533
 -0.2533
 -0.2533
 -0.2533
 -0.2533
 -0.2533
 -0.2533
 -0.2533
 -0.2533
 -0.2533
 -0.2533
 -0.2533
 -0.2533
 -0.2533
 -0.2533
 -0.2533
 -0.2533
 -0.2533
 -0.2533
 -0.2533
 -0.2533
 -0.2533
 -0.2533
 -0.2533
 -0.2533
 -0.2533
 -0.2533
 -0.2533
 -0.2533
 -0.2533
 -0.2533
 -0.2533
 -0.2533
 -0.2533
 -0.2533
 -0.2533
 -0.2533
 -0.2533
 -0.2533
 -0.2533
 -0.2533
 -0.2533
 -0.2533
 -0.2533
 -0.2533
 -0.2533
 -0.2533
 -0.2533
 -0.2533
 -0.2533
 -0.2533
 -0.2533
 -0.2533
 -0.2533
 -0.2533
 -0.2533
 -0.2533
 -0.2533
 -0.2533
 -0.2533
 -0.2533
 -0.2533
 -0.2533
 -0.2533
 -0.2533
 -0.2533
 -0.2533
 -0.2533
 -0.2533
 -0.2533
 -0.2533
 -0.2533
 -0.2533
 -0.2533
 -0.2533
 -0.2533
 -0.2533
 -0.1267
